## 2014.04.02 
## A.Zitrin and S.Rodney
## for the Cycle 22 snapshot proposal : parameters of multiply-imaged galaxies 
## behind 3 strong-lensing clusters
## 
## Cluster number : 0 = A1689, 1 = M1206, 2 = M0416
## mu1 : magnification (from LTM model)
## mu2 : magnification (from NFW model)
## tarr1 : arrival time in years rel. to mean (from LTM model)
## tarr2 : arrival time in years rel. to mean (from NFW model)
## dt1   : time delay to next image in years (from LTM model)
## dt2   : time delay to next image in years  (from NFW model)
## tvisIa : visibility time for an average Ia in a 20 min snapshot [days]
## tvisII : visibility time for an average Ia in a 20 min snapshot [days]
## m850 : AB mag in F850LP
## m160 : AB mag in F160W
# cluster idx  gal im   z         mu1           mu2               tarr1        tarr2      dt1       dt2          tvisIa    tvisII     m850     m160
   0      1    1  1     3.04    3.0679588e+01  3.0679588e+01     4244.5604  4244.5604    11.7051   11.7051       64.720     0.000   22.198    99.900
   0      2    1  2     3.04    1.7613660e+01  1.7613660e+01     4248.0190  4248.0190    60.095	   60.095  	     40.450     0.000   23.627	 99.900
   0      3    1  3     3.04    2.0606276e+00  2.0606276e+00     4220.2509  4220.2509    11.8588   11.8588 	      0.000     0.000   24.549	 24.112
   0      4    1  4     3.04    4.0731814e+00  4.0731814e+00     4148.4508  4148.4508    12.4507   12.4507 	      0.000     0.000   24.120	 23.489
   0      5    1  5     3.04    2.7199919e+00  2.7199919e+00     4160.1559  4160.1559    3.4586	   3.4586  	      0.000     0.000   24.824	 24.859
   0      6    1  6     3.04    7.4514229e-01  7.4514229e-01     4232.1097  4232.1097    -1.0	   -1.0	  	      0.000     0.000   99.900	 99.900
   0      7    2  1     2.53    1.9727480e+01  1.9727480e+01     4245.7644  4245.7644    9.4167	   9.4167  	     94.073    29.070   24.380	 24.888
   0      8    2  2     2.53    4.3824177e+00  4.3824177e+00     4151.4690  4151.4690    62.5897   62.5897 	     15.504     0.000   23.869	 23.489
   0      9    2  3     2.53    2.9949030e+00  2.9949030e+00     4160.8857  4160.8857    8.5714	   8.5714  	      0.000     0.000   24.487	 24.859
   0     10    2  4     2.53    1.9742916e+00  1.9742916e+00     4223.4754  4223.4754    13.7176   13.7176 	      0.000     0.000   24.589	 24.112
   0     11    2  5     2.53    7.4900327e-01  7.4900327e-01     4232.0468  4232.0468    -1.0	   -1.0	  	      0.000     0.000   99.900	 99.900
   0     12    3  1     5.47    8.4961934e+00  8.4961934e+00     4185.3184  4185.3184    1.312	   1.312	  	      0.000     0.000   25.344	 27.261
   0     13    3  2     5.47    2.7807201e+01  2.7807201e+01     4184.0064  4184.0064    4.9103	   4.9103  	      0.000     0.000   25.657	 22.407
   0     14    3  3     5.47    7.3895703e+00  7.3895703e+00     4190.2287  4190.2287    -1.0	   -1.0	  	      0.000     0.000   99.900	 22.894
   0     15    4  1     1.10    5.6351420e+00  5.6351420e+00     4178.7976  4178.7976    20.9678   20.9678 	    160.683   136.979   23.758	 20.992
   0     16    4  2     1.10    4.6669184e+00  4.6669184e+00     4199.7654  4199.7654    15.5214   15.5214 	    149.647   108.280   99.900	 19.570
   0     17    4  3     1.10    2.6692435e+00  2.6692435e+00     4215.2868  4215.2868    16.7101   16.7101 	    108.606    30.887   24.568	 24.878
   0     18    4  4     1.10    5.9138905e+00  5.9138905e+00     4273.2204  4273.2204    41.2235   41.2235 	    163.322   144.528   24.147	 27.605
   0     19    4  5     1.10    8.9783800e-01  8.9783800e-01     4231.9969  4231.9969    -1.0	   -1.0	  	     91.317     0.000   99.900	 99.900
   0     20    5  1     2.60    1.1011400e+02  1.1011400e+02     4271.0068  4271.0068    161.775   161.775 	    101.114    39.940   25.478	 24.340
   0     21    5  2     2.60    2.1043079e+00  2.1043079e+00     4265.9201  4265.9201    5.0867	   5.0867  	      0.000     0.000   24.532	 23.228
   0     22    5  3     2.60    2.4203513e+00  2.4203513e+00     4104.1451  4104.1451    -1.0	   -1.0	  	      0.000     0.000   24.845	 25.374
   0     23    6  1     1.10    4.6139446e+00  4.6139446e+00     4171.3039  4171.3039    1.9009	   1.9009  	    148.848   106.451   24.822	 22.554
   0     24    6  2     1.10    3.9757676e+00  3.9757676e+00     4133.1130  4133.1130    4.3306	   4.3306  	    139.046    84.310   22.707	 25.740
   0     25    6  3     1.10    8.2971494e+00  8.2971494e+00     4131.2121  4131.2121    33.8603   33.8603 	    177.039   202.253   24.198	 99.900
   0     26    6  4     1.10    8.2114686e+00  8.2114686e+00     4137.4436  4137.4436    -1.0	   -1.0	  	    176.565   200.478   99.900	 99.900
   0     27    7  1     4.87    5.5862686e+00  5.5862686e+00     4203.5727  4203.5727    15.6508   15.6508 	      0.000     0.000   23.130	 24.119
   0     28    7  2     4.87    2.0204317e+00  2.0204317e+00     4219.2235  4219.2235    19.5318   19.5318 	      0.000     0.000   24.130	 24.822
   0     29    7  3     4.87    7.2432274e-01  7.2432274e-01     4238.7553  4238.7553    -1.0	   -1.0	  	      0.000     0.000   99.900	 99.900
   0     30    8  1     2.67    8.9613848e+00  8.9613848e+00     4175.7581  4175.7581    8.9836	   8.9836  	     52.374     0.000   24.128	 26.034
   0     31    8  2     2.67    7.3111171e+00  7.3111171e+00     4184.7417  4184.7417    4.9274	   4.9274  	     40.468     0.000   99.900	 19.797
   0     32    8  3     2.67    2.2033577e+00  2.2033577e+00     4189.6691  4189.6691    32.0056   32.0056 	      0.000     0.000   24.465	 25.598
   0     33    8  4     2.67    5.7624122e+00  5.7624122e+00     4245.5045  4245.5045    23.8298   23.8298 	     15.145     0.000   20.618	 20.248
   0     34    8  5     2.67    7.4380277e-01  7.4380277e-01     4221.6747  4221.6747    -1.0	   -1.0	  	      0.000     0.000   99.900	 16.267
   0     35    9  1     5.16    2.1582795e+01  2.1582795e+01     4192.5060  4192.5060    66.2948   66.2948 	      0.000     0.000   26.094	 26.333
   0     36    9  2     5.16    3.9396606e+00  3.9396606e+00     4126.2112  4126.2112    17.4596   17.4596 	      0.000     0.000   26.766	 25.736
   0     37    9  3     5.16    1.7101712e+01  1.7101712e+01     4209.9656  4209.9656    45.2246   45.2246 	      0.000     0.000   24.388	 99.900
   0     38    9  4     5.16    1.1469909e+01  1.1469909e+01     4255.1902  4255.1902    -1.0	   -1.0	  	      0.000     0.000   26.273	 99.900
   0     39   10  1     1.83    3.3282096e+00  3.3282096e+00     4110.9024  4110.9024    145.772   145.772 	     62.716     0.000   25.232	 99.900
   0     40   10  2     1.83    3.8166378e+00  3.8166378e+00     4292.5555  4292.5555    4.5779	   4.5779  	     70.532     0.000   24.403	 25.932
   0     41   10  3     1.83    7.6722855e-01  7.6722855e-01     4270.8969  4270.8969    9.6437	   9.6437  	     32.930     0.000   99.900	 99.900
   0     42   10  4     1.83    9.0430522e+02  9.0430522e+02     4256.6753  4256.6753    21.6586   21.6586 	    220.120   106.913   24.559	 25.234
   0     43   10  5     1.83    2.0401272e+01  2.0401272e+01     4261.2532  4261.2532    -1.0	   -1.0	  	    184.899    90.904   25.640	 22.520
   0     44   11  1     2.50    4.0201084e+00  4.0201084e+00     4122.9970  4122.9970    134.646   134.646 	     14.280     0.000   23.633	 99.900
   0     45   11  2     2.50    3.6862086e+00  3.6862086e+00     4257.6430  4257.6430    1.3356	   1.3356  	      9.525     0.000   25.026	 22.185
   0     46   11  3     2.50    3.5206696e+00  3.5206696e+00     4258.9786  4258.9786    -1.0	   -1.0	  	      7.227     0.000   99.900	 15.455
   0     47   12  1     1.82    1.9484455e+01  1.9484455e+01     4200.2212  4200.2212    57.659	   57.659  	    182.657    89.221   25.519	 26.333
   0     48   12  2     1.82    4.6924865e+00  4.6924865e+00     4229.7450  4229.7450    29.5238   29.5238 	     82.419     0.000   99.900	 26.486
   0     49   12  3     1.82    3.6412710e+00  3.6412710e+00     4142.5622  4142.5622    42.8619   42.8619 	     68.724     0.000   25.332	 27.551
   0     50   12  4     1.82    8.4582315e+00  8.4582315e+00     4272.6069  4272.6069    -1.0	   -1.0	  	    110.777    27.343   25.647	 26.826
   0     51   13  1     1.02    1.9724312e+01  1.9724312e+01     4090.4281  4090.4281    3.7012	   3.7012  	    201.960   355.803   24.093	 99.900
   0     52   13  2     1.02    2.3953951e+01  2.3953951e+01     4088.1169  4088.1169    2.3112	   2.3112  	    209.095   383.849   99.900	 99.900
   0     53   13  3     1.02    1.1879613e+01  1.1879613e+01     4084.4157  4084.4157    -1.0	   -1.0	  	    186.475   282.989   25.075	 26.119
   0     54   14  1     3.40    2.7958889e+01  2.7958889e+01     4140.2412  4140.2412    3.6202	   3.6202  	      0.000     0.000   99.900	 23.298
   0     55   14  2     3.40    3.7173390e+01  3.7173390e+01     4136.6210  4136.6210    -1.0	   -1.0	  	      0.000     0.000   99.900	 26.037
   0     56   15  1     1.80    4.0512801e+00  4.0512801e+00     4298.5068  4298.5068    167.537   167.537 	     76.880     0.000   25.649	 25.932
   0     57   15  2     1.80    3.3516817e+00  3.3516817e+00     4106.9224  4106.9224    24.0472   24.0472 	     65.429     0.000   25.823	 99.900
   0     58   15  3     1.80    9.3986873e-01  9.3986873e-01     4274.4596  4274.4596    -1.0	   -1.0	  	     36.757     0.000   99.900	 99.900
   0     59   16  1     2.01    4.3598917e+00  4.3598917e+00     4308.3053  4308.3053    192.313   192.313 	     64.093     0.000   23.132	 99.900
   0     60   16  2     2.01    1.8363528e+00  1.8363528e+00     4287.8347  4287.8347    20.4706   20.4706 	      5.259     0.000   25.739	 24.153
   0     61   16  3     2.01    3.4204392e+00  3.4204392e+00     4095.5213  4095.5213    -1.0	   -1.0	  	     51.156     0.000   25.086	 99.900
   0     62   17  1     2.60    8.4213085e+00  8.4213085e+00     4221.9860  4221.9860    8.2762	   8.2762  	     56.683     0.000   24.352	 99.900
   0     63   17  2     2.60    1.1809042e+00  1.1809042e+00     4223.9531  4223.9531    1.9671	   1.9671  	      0.000     0.000   99.900	 16.267
   0     64   17  3     2.60    5.7393801e+00  5.7393801e+00     4213.7098  4213.7098    -1.0	   -1.0	  	     29.539     0.000   24.213	 99.900
   0     65   18  1     1.80    4.1814361e+00  4.1814361e+00     4287.5430  4287.5430    154.492   154.492 	     78.337     0.000   24.746	 23.870
   0     66   18  2     1.80    3.3353053e+00  3.3353053e+00     4115.3721  4115.3721    17.6788   17.6788 	     65.154     0.000   25.156	 99.900
   0     67   18  3     1.80    8.7935651e-01  8.7935651e-01     4269.8642  4269.8642    -1.0	   -1.0	  	     36.757     0.000   99.900	 99.900
   0     68   19  1     2.60    3.2781352e+00  3.2781352e+00     4196.3356  4196.3356    0.55769   0.55769 	      0.000     0.000   99.900	 26.535
   0     69   19  2     2.60    5.3147941e+00  5.3147941e+00     4239.8868  4239.8868    17.5516   17.5516 	     20.523     0.000   99.900	 99.900
   0     70   19  3     2.60    1.0108852e+02  1.0108852e+02     4178.7840  4178.7840    25.5013   25.5013 	    101.114    39.940   99.900	 23.263
   0     71   19  4     2.60    1.3717704e+01  1.3717704e+01     4178.2263  4178.2263    18.0499   18.0499 	     78.508     0.000   24.631	 23.263
   0     72   19  5     2.60    7.8614509e-01  7.8614509e-01     4221.8369  4221.8369    -1.0	   -1.0	  	      0.000     0.000   99.900	 99.900
   0     73   21  1     1.78    1.0223664e+01  1.0223664e+01     4218.5585  4218.5585    3.233	   3.233	  	    124.554    44.102   24.257	 99.900
   0     74   21  2     1.78    1.9157868e+01  1.9157868e+01     4221.7915  4221.7915    26.7199   26.7199 	    188.606    91.647   99.900	 99.900
   0     75   21  3     1.78    4.2181924e+00  4.2181924e+00     4248.5114  4248.5114    -1.0	   -1.0	  	     79.824     0.000   25.418	 25.275
   0     76   22  1     1.70    2.8358504e+00  2.8358504e+00     4254.4960  4254.4960    108.775   108.775 	     63.578     0.000   25.460	 21.422
   0     77   22  2     1.70    1.3320214e+00  1.3320214e+00     4252.7215  4252.7215    1.7745	   1.7745  	     43.233     0.000   99.900	 99.900
   0     78   22  3     1.70    8.1969945e+00  8.1969945e+00     4143.9461  4143.9461    -1.0	   -1.0	  	    120.372    34.644   24.353	 23.041
   0     79   23  1     2.00    3.2402009e+00  3.2402009e+00     4260.3982  4260.3982    119.866   119.866 	     48.680     0.000   24.461	 24.480
   0     80   23  2     2.00    1.5573857e+00  1.5573857e+00     4257.1492  4257.1492    3.249	   3.249	  	      6.010     0.000   99.900	 99.900
   0     81   23  3     2.00    6.6821509e+00  6.6821509e+00     4137.2823  4137.2823    -1.0	   -1.0	  	     82.230     0.000   24.766	 26.045
   0     82   24  1     2.60    3.3894336e+00  3.3894336e+00     4258.3537  4258.3537    17.0755   17.0755 	      0.000     0.000   25.219	 26.016
   0     83   24  2     2.60    3.8038597e+00  3.8038597e+00     4137.3102  4137.3102    28.5637   28.5637 	      0.000     0.000   99.900	 16.505
   0     84   24  3     2.60    5.0760965e+00  5.0760965e+00     4165.8739  4165.8739    75.3311   75.3311 	     15.455     0.000   23.848	 22.575
   0     85   24  4     2.60    2.8143644e+00  2.8143644e+00     4120.2347  4120.2347    17.1487   17.1487 	      0.000     0.000   24.259	 23.650
   0     86   24  5     2.60    7.5698661e-01  7.5698661e-01     4241.2050  4241.2050    -1.0	   -1.0	  	      0.000     0.000   99.900	 99.900
   0     87   25  1     2.50    1.1030631e+01  1.1030631e+01     4299.8841  4299.8841    43.1884   43.1884 	     74.808     0.000   99.900	 23.018
   0     88   25  2     2.50    2.8821587e+00  2.8821587e+00     4085.4158  4085.4158    19.9506   19.9506 	      0.000     0.000   26.238	 99.900
   0     89   25  2     2.50    3.1205006e+00  3.1205006e+00     4105.3664  4105.3664    194.517   194.517 	      1.673     0.000   25.172	 99.900
   0     90   25  2     2.50    2.3926482e+00  2.3926482e+00     4042.2274  4042.2274    -1.0	   -1.0	  	      0.000     0.000   26.070	 99.900
   0     91   28  1     5.45    3.1177876e+00  3.1177876e+00     4282.3778  4282.3778    178.948   178.948 	      0.000     0.000   99.900	 23.870
   0     92   28  2     5.45    4.2563616e+00  4.2563616e+00     4090.4573  4090.4573    12.9717   12.9717 	      0.000     0.000   99.900	 99.900
   0     93   28  3     5.45    7.0807880e-01  7.0807880e-01     4269.4061  4269.4061    -1.0	   -1.0	  	      0.000     0.000   99.900	 99.900
   0     94   29  1     2.50    2.7799523e+00  2.7799523e+00     4254.6059  4254.6059    12.7783   12.7783 	      0.000     0.000   99.900	 26.016
   0     95   29  2     2.50    5.7961890e+00  5.7961890e+00     4171.5841  4171.5841    34.2954   34.2954 	     45.845     0.000   99.900	 24.254
   0     96   29  3     2.50    5.6721923e+00  5.6721923e+00     4137.2887  4137.2887    64.582	   64.582  	     43.963     0.000   99.900	 99.900
   0     97   29  4     2.50    2.9059382e+00  2.9059382e+00     4124.5104  4124.5104    18.4398   18.4398 	      0.000     0.000   99.900	 23.650
   0     98   29  5     2.50    7.4443090e-01  7.4443090e-01     4236.1661  4236.1661    -1.0	   -1.0	  	      0.000     0.000   99.900	 99.900
   0     99   30  1     3.00    4.3804686e+01  4.3804686e+01     4079.9833  4079.9833    4.0781	   4.0781  	     70.356     6.304   26.193	 25.490
   0    100   30  2     3.00    2.1865382e+01  2.1865382e+01     4070.2913  4070.2913    9.692	   9.692	  	     61.811     0.000   24.314	 99.900
   0    101   30  3     3.00    1.7706074e+02  1.7706074e+02     4066.2132  4066.2132    -1.0	   -1.0	  	     70.356     6.304   26.434	 22.987
   0    102   32  1     3.00    3.5430137e+00  3.5430137e+00     4147.9567  4147.9567    8.9803	   8.9803  	      0.000     0.000   99.900	 99.900
   0    103   32  2     3.00    3.9344904e+00  3.9344904e+00     4138.9764  4138.9764    67.6694   67.6694 	      0.000     0.000   25.939	 26.677
   0    104   32  3     3.00    2.0180210e+00  2.0180210e+00     4234.9401  4234.9401    19.314	   19.314  	      0.000     0.000   99.900	 99.900
   0    105   32  4     3.00    9.6851951e-01  9.6851951e-01     4238.7725  4238.7725    3.8324	   3.8324  	      0.000     0.000   99.900	 27.462
   0    106   32  5     3.00    2.8908841e+01  2.8908841e+01     4246.3605  4246.3605    7.588	   7.588	  	     70.356     6.304   99.900	 23.619
   0    107   32  5     3.00    1.0168920e+01  1.0168920e+01     4215.6261  4215.6261    -1.0	   -1.0	  	      5.527     0.000   25.929	 27.529
   0    108   33  1     4.58    4.1233076e+00  4.1233076e+00     4253.6090  4253.6090    170.415   170.415 	      0.000     0.000   99.900	 26.173
   0    109   33  2     4.58    3.0291991e+00  3.0291991e+00     4083.1937  4083.1937    -1.0	   -1.0	  	      0.000     0.000   26.238	 99.900
   0    110   35  1     1.90    4.3240453e+00  4.3240453e+00     4263.4421  4263.4421    137.312   137.312 	     70.802     0.000   26.959	 26.173
   0    111   35  2     1.90    2.7019321e+00  2.7019321e+00     4115.4974  4115.4974    10.632	   10.632  	     44.421     0.000   99.900	 24.511
   0    112   35  3     1.90    8.3187851e-01  8.3187851e-01     4252.8101  4252.8101    -1.0	   -1.0	  	     22.311     0.000   99.900	 99.900
   0    113   36  1     3.00    1.3286127e+01  1.3286127e+01     4149.4669  4149.4669    2.6082	   2.6082  	     23.151     0.000   25.543	 26.101
   0    114   36  2     3.00    8.1792057e+00  8.1792057e+00     4146.8587  4146.8587    -1.0	   -1.0	  	      0.000     0.000   25.620	 25.375
   0    115   40  1     2.52    2.5203129e+00  2.5203129e+00     4233.2659  4233.2659    24.2112   24.2112 	      0.000     0.000   99.900	 99.900
   0    116   40  2     2.52    7.2221136e+00  7.2221136e+00     4209.0547  4209.0547    -1.0	   -1.0	  	     55.120     0.000   99.900	 21.478
   0    117   41  1     2.50    4.8806956e+00  4.8806956e+00     4282.9165  4282.9165    232.643   232.643 	     31.385     0.000   99.900	 20.813
   0    118   41  2     2.50    2.5075547e+00  2.5075547e+00     4048.4240  4048.4240    1.8492	   1.8492  	      0.000     0.000   25.382	 99.900
   0    119   41  3     2.50    1.3560950e+00  1.3560950e+00     4281.0673  4281.0673    -1.0	   -1.0	  	      0.000     0.000   99.900	 21.498
   0    120   42  1     2.00    1.1355753e+01  1.1355753e+01     4219.2690  4219.2690    34.821	   34.821  	    106.241    34.222   23.288	 27.285
   0    121   42  2     2.00    5.7192480e+00  5.7192480e+00     4168.7674  4168.7674    50.5016   50.5016 	     76.443     0.000   25.029	 27.032
   0    122   42  3     2.00    3.1977166e+00  3.1977166e+00     4133.9464  4133.9464    17.0655   17.0655 	     48.042     0.000   25.888	 26.152
   0    123   42  4     2.00    3.4959012e+00  3.4959012e+00     4236.3345  4236.3345    -1.0	   -1.0	  	     52.523     0.000   25.992	 25.472
   0    124   44  1     2.00    1.1405510e+01  1.1405510e+01     4302.4051  4302.4051    219.350   219.350 	    106.391    34.595   25.567	 99.900
   0    125   44  2     2.00    4.0741083e+00  4.0741083e+00     4083.0542  4083.0542    -1.0	   -1.0	  	     60.991     0.000   99.900	 99.900
   0    126   46  1     2.50    1.0863967e+01  1.0863967e+01     4201.5305  4201.5305    32.9194   32.9194 	     74.154     0.000   23.996	 24.133
   0    127   46  2     2.50    4.1706447e+00  4.1706447e+00     4234.4499  4234.4499    -1.0	   -1.0	  	     17.272     0.000   99.900	 99.900
   0    128   48  1     2.00    7.1580851e+00  7.1580851e+00     4207.5265  4207.5265    34.3639   34.3639 	     85.090     0.950   25.620	 25.975
   0    129   48  2     2.00    4.6152987e+00  4.6152987e+00     4241.8904  4241.8904    -1.0	   -1.0	  	     67.496     0.000   99.900	 99.900
   0    130   49  1     2.00    4.5104286e+00  4.5104286e+00     4286.8152  4286.8152    170.961   170.961 	     66.235     0.000   26.099	 26.273
   0    131   49  2     2.00    3.6283280e+00  3.6283280e+00     4115.8538  4115.8538    -1.0	   -1.0	  	     54.514     0.000   99.900	 99.900
   0    132   50  1     2.50    6.7880750e+00  6.7880750e+00     4169.4216  4169.4216    13.8216   13.8216 	     54.457     0.000   27.033	 26.971
   0    133   50  2     2.50    4.4609935e+00  4.4609935e+00     4188.1612  4188.1612    4.918	   4.918	  	     23.043     0.000   22.597	 27.226
   0    134   50  3     2.50    2.5238848e+00  2.5238848e+00     4183.2432  4183.2432    -1.0	   -1.0	  	      0.000     0.000   99.900	 99.900
   0    135   51  1     2.00    2.7656440e+00  2.7656440e+00     4114.2126  4114.2126    17.098	   17.098  	     35.916     0.000   99.900	 99.900
   0    136   51  2     2.00    4.4354390e+00  4.4354390e+00     4156.8886  4156.8886    25.578	   25.578  	     65.334     0.000   99.900	 21.540
   0    137   51  3     2.00    5.0608713e+00  5.0608713e+00     4131.3106  4131.3106    -1.0	   -1.0	  	     72.486     0.000   99.900	 25.061
   0    138   52  1     1.80    6.4799607e+00  6.4799607e+00     4180.9047  4180.9047    46.7291   46.7291 	     98.868     8.636   99.900	 25.765
   0    139   52  2     1.80    4.2520643e+00  4.2520643e+00     4134.1756  4134.1756    -1.0	   -1.0	  	     79.127     0.000   26.447	 26.386
   0    140   53  1     3.00    2.4187725e+00  2.4187725e+00     4166.7329  4166.7329    18.1039   18.1039 	      0.000     0.000   99.900	 99.900
   0    141   53  2     3.00    4.0956798e+00  4.0956798e+00     4148.6290  4148.6290    16.6002   16.6002 	      0.000     0.000   99.900	 99.900
   0    142   53  3     3.00    5.3544283e+00  5.3544283e+00     4183.3331  4183.3331    68.9247   68.9247 	      0.000     0.000   99.900	 99.900
   0    143   53  4     3.00    7.9947244e+00  7.9947244e+00     4252.2578  4252.2578    -1.0	   -1.0	  	      0.000     0.000   99.900	 99.900
   0    144   54  1     2.00    2.6186643e+00  2.6186643e+00     4173.8457  4173.8457    14.5349   14.5349 	     30.175     0.000   99.900	 99.900
   0    145   54  2     2.00    4.5745165e+00  4.5745165e+00     4159.3108  4159.3108    35.0619   35.0619 	     67.006     0.000   24.798	 25.963
   0    146   54  3     2.00    2.5626521e+00  2.5626521e+00     4208.9076  4208.9076    49.1422   49.1422 	     27.987     0.000   99.900	 25.502
   0    147   54  4     2.00    6.1687126e+00  6.1687126e+00     4258.0498  4258.0498    -1.0	   -1.0	  	     79.144     0.000   99.900	 99.900
   0    148   55  1     1.50    2.3474965e+00  2.3474965e+00     4209.2718  4209.2718    45.4949   45.4949 	     70.164     0.000   26.001	 24.976
   0    149   55  2     1.50    5.4279605e+00  5.4279605e+00     4254.7667  4254.7667    -1.0	   -1.0	  	    113.498    26.845   25.517	 26.309
   0    150   56  1     2.00    1.0931979e+01  1.0931979e+01     4215.4396  4215.4396    22.8617   22.8617 	    104.557    31.243   25.003	 27.285
   0    151   56  2     2.00    3.5845350e+00  3.5845350e+00     4162.6339  4162.6339    52.8057   52.8057 	     53.856     0.000   99.900	 25.030
   0    152   56  3     2.00    3.2199493e+00  3.2199493e+00     4139.7722  4139.7722    25.239	   25.239  	     48.376     0.000   25.915	 23.318
   0    153   56  4     2.00    2.8036495e+00  2.8036495e+00     4240.6786  4240.6786    -1.0	   -1.0	  	     37.401     0.000   99.900	 25.472
   0    154   57  1     2.00    5.8169070e+00  5.8169070e+00     4162.8050  4162.8050    29.4578   29.4578 	     77.030     0.000   99.900	 27.032
   0    155   57  2     2.00    3.0041235e+00  3.0041235e+00     4133.3472  4133.3472    24.5428   24.5428 	     45.132     0.000   99.900	 23.318
   0    156   57  3     2.00    3.0904605e+00  3.0904605e+00     4248.5104  4248.5104    61.1626   61.1626 	     46.430     0.000   99.900	 25.472
   0    157   57  4     2.00    8.3042870e+00  8.3042870e+00     4187.3478  4187.3478    -1.0	   -1.0	  	     91.063     9.668   26.125	 25.620
   0    158   58  1     2.00    1.6288803e+01  1.6288803e+01     4119.9113  4119.9113    132.903   132.903 	    118.059    54.956   99.900	 99.900
   0    159   58  2     2.00    7.7319301e+00  7.7319301e+00     4252.8145  4252.8145    -1.0	   -1.0	  	     88.539     4.399   99.900	 21.962
   0    160   59  1     2.00    4.3201474e+01  4.3201474e+01     4283.2590  4283.2590    6.9483	   6.9483  	    150.240    88.640   99.900	 19.809
   0    161   59  2     2.00    4.6441165e+01  4.6441165e+01     4276.3107  4276.3107    -1.0	   -1.0	  	    150.240    88.640   99.900	 25.620
   0    162   60  1     2.00    1.1395625e+02  1.1395625e+02     4236.6459  4236.6459    0.3044	   0.3044  	    150.240    88.640   99.900	 99.900
   0    163   60  2     2.00    2.6470812e+00  2.6470812e+00     4236.3415  4236.3415    -1.0	   -1.0	  	     31.285     0.000   99.900	 22.147
   0    164   61  1     2.00    9.0473473e+00  9.0473473e+00     4135.3835  4135.3835    116.277   116.277 	     93.293    18.457   25.308	 25.383
   0    165   61  2     2.00    2.6391437e+00  2.6391437e+00     4251.6612  4251.6612    -1.0	   -1.0	  	     30.975     0.000   25.460	 21.422
   1    166   62  1     1.03    1.2215130e+01  7.0964885e+00     8473.8964  6657.6155    7.1659	   4.8278  	    186.951   283.327   99.900    99.900
   1    167   62  2     1.03    1.7730275e+01  4.0176537e+00     8481.0623  6656.0982    36.1097   1.5173  	    198.519   336.832   99.900    99.900
   1    168   62  3     1.03    5.9924258e+00  6.1253071e+00     8517.1720  6651.2704    -1.0	   -1.0	  	    163.962   178.728   24.485    23.791
   1    169   63  1     3.04    6.8998878e+00  5.7214889e+00     8381.1747  6526.9967    3.4215	   0.3085  	      0.000     0.000   23.988    23.803
   1    170   63  2     3.04    6.1964990e+00  3.1709000e+00     8414.7639  6545.7330    26.5522   2.3785  	      0.000     0.000   22.736    22.058
   1    171   63  3     3.04    5.8461043e+00  3.9027528e+00     8425.0487  6530.1036    3.6155	   0.7284  	      0.000     0.000   23.999    23.711
   1    172   63  4     3.04    9.1680774e+00  6.4851492e+00     8384.5962  6529.3752    7.4275	   13.3563 	      0.000     0.000   22.725    22.688
   1    173   63  5     3.04    7.0292042e+00  4.2420925e+00     8411.1484  6543.4599    2.8573	   2.2731  	      0.000     0.000   23.019    22.522
   1    174   63  6     3.04    5.5041076e+00  3.7541486e+00     8422.1914  6526.6882    -1.0	   -1.0	  	      0.000     0.000   23.999    23.711
   1    175   64  1     2.54    1.1379662e+01  1.0761335e+01     8513.2970  6621.7153    4.4001	   4.817	  	     73.957     0.000   21.983    20.955
   1    176   64  2     2.54    5.5538026e+00  4.9077585e+00     8485.0438  6639.7515    104.340   93.1857 	     37.230     0.000   26.889    25.457
   1    177   64  3     2.54    4.4026907e+00  3.8620994e+00     8536.9783  6648.2876    3.6155	   5.3396  	     13.982     0.000   26.885    25.361
   1    178   64  4     2.54    2.4208138e+00  1.2405872e+00     8524.7408  6665.6171    24.6377   12.6966 	      0.000     0.000   23.498    22.591
   1    179   64  5     2.54    2.6841912e+00  2.2820761e+00     8380.7031  6528.5296    4.0548	   0.4535  	      0.000     0.000   25.742    24.610
   1    180   64  6     2.54    1.4957290e+01  1.3869909e+01     8517.3518  6627.0549    7.389	   8.0826  	     83.674     8.086   21.983    20.955
   1    181   64  7     2.54    6.2544289e+00  4.0327251e+00     8488.6593  6640.2050    0.64670   0.6974  	     46.581     0.000   99.000    26.547
   1    182   64  8     2.54    5.1262636e+00  4.2095997e+00     8537.4647  6648.9850    11.5908   16.6002 	     29.995     0.000   26.885    25.361
   1    183   64  9     2.54    3.0680333e+00  1.7072318e+00     8525.3875  6665.5852    0.4864	   0.0319  	      0.315     0.000   23.498    22.591
   1    184   64 10     2.54    2.6236317e+00  2.2308974e+00     8376.3030  6523.7126    -1.0	   -1.0	  	      0.000     0.000   27.563    26.403
   1    185   65  1     1.78    3.8625502e+00  3.4036588e+00     8520.0896  6626.7377    75.2612   23.8631 	     75.106     0.000   24.149    22.697
   1    186   65  2     1.78    6.9741206e+00  8.3211560e+00     8509.0309  6605.3988    11.0587   21.3389 	    104.965    18.568   24.030    22.337
   1    187   65  3     1.78    3.7164201e+00  3.0998965e+00     8433.7697  6581.5357    -1.0	   -1.0	  	     72.669     0.000   28.356    26.530
   1    188   66  1     2.71    5.3285133e+00  3.8543493e+00     8438.9684  6608.3788    30.4704   13.9565 	      2.797     0.000   24.573    23.462
   1    189   66  2     2.71    6.1795484e+00  4.3381805e+00     8408.4980  6573.4116    18.3891   21.0107 	     12.523     0.000   24.685    23.823
   1    190   66  3     2.71    8.1233755e+00  5.5781838e+00     8457.3575  6587.3681    -1.0	   -1.0	  	     42.748     0.000   24.897    23.580
   1    191   67  1     3.67    6.9356935e+01  1.5676586e+01     8346.7509  6482.2881    5.5458	   1.5984  	      0.000     0.000   25.845    25.624
   1    192   67  2     3.67    1.2328531e+01  1.0853848e+01     8346.6886  6482.7992    6.3276	   2.1762  	      0.000     0.000   21.325    20.659
   1    193   67  3     3.67    2.3929550e+01  2.6155051e+01     8343.8831  6481.7323    2.8055	   0.5558  	      0.000     0.000   25.348    25.034
   1    194   67  4     3.67    8.4406504e+00  5.8603315e+00     8337.5555  6479.5561    0.06229   0.51110 	      0.000     0.000   24.115    23.524
   1    195   67  5     3.67    2.4296641e+01  1.1580045e+01     8332.0097  6477.9577    -1.0	   -1.0	  	      0.000     0.000   25.555    25.677
   1    196   68  1     5.70    4.5463840e+00  3.9675181e+00     8453.5996  6560.1330    93.7475   57.2651 	      0.000     0.000   25.235    25.197
   1    197   68  2     5.70    3.9807640e+00  2.7011986e+00     8449.6711  6611.9792    3.9285	   51.8462 	      0.000     0.000   25.451    25.215
   1    198   68  3     5.70    2.8052255e+00  3.4811029e+00     8526.5944  6644.2674    72.9948   32.2882 	      0.000     0.000   25.337    25.470
   1    199   68  4     5.70    2.8394993e+00  2.3848293e+00     8355.9236  6502.8679    -1.0	   -1.0	  	      0.000     0.000   24.718    24.501
   1    200   69  1     4.32    2.5411099e+00  3.3307235e+00     8495.2378  6617.5707    10.3812   6.6459  	      0.000     0.000   24.958    24.752
   1    201   69  2     4.32    3.6864677e+00  3.1005647e+00     8400.4430  6548.7676    48.338	   4.1291  	      0.000     0.000   25.160    25.026
   1    202   69  3     4.32    3.6814196e+00  3.4657008e+00     8448.7810  6544.6385    26.8534   32.357  	      0.000     0.000   27.142    26.869
   1    203   69  4     4.32    3.4502805e+00  4.1354279e+00     8485.5867  6603.2174    9.9523	   22.0928 	      0.000     0.000   25.458    25.556
   1    204   69  5     4.32    1.3020124e+01  6.9146738e+00     8475.6344  6581.1246    9.6511	   14.3533 	      0.000     0.000   26.182    25.584
   1    205   69  6     4.32    3.7385365e+00  3.2224251e+00     8390.0618  6537.9926    -1.0	   -1.0	  	      0.000     0.000   26.516    26.188
   2    206   70  1     1.896   5.7915830e+00  1.4023305e+01     2829.4891  3179.6835    9.4151	   7.0463  	     84.880     0.000   24.588	 23.690 	
   2    207   70  2     1.896   1.7834381e+01  3.1534482e+01     2838.5430  3178.6184    83.5934   4.2416  	    147.231    75.757   99.900	 99.900 	
   2    208   70  3     1.896   2.2094908e+00  2.6104626e+00     2716.5339  3163.3729    19.9467   3.9576  	     29.301     0.000   99.900	 99.900 	
   2    209   70  4     1.896   6.0895790e+00  6.7614908e+00     2859.6436  3174.6608    9.0539	   1.0651  	     87.143     0.565   24.881	 23.913 	
   2    210   70  5     1.896   9.5987596e+00  1.3830732e+01     2809.5424  3180.1239    21.1006   0.4404  	    107.722    30.733   25.020	 23.243 	
   2    211   70  6     1.896   2.6480562e+00  3.2466982e+00     2725.9490  3170.4192    -1.0	   -1.0	  	     42.952     0.000   24.261	 23.426 	
   2    212   71  1     1.989   1.8470404e+00  1.5885203e+00     2872.0840  3221.1050    0.0		   0.0	  	      8.139     0.000   23.355	 22.559 	
   2    213   71  2     1.989   2.5344266e+00  2.6032442e+00     2962.8211  3212.4821    114.859   9.9644  	     28.638     0.000   28.780	 27.351 	
   2    214   71  3     1.989   2.4002417e+00  3.0642900e+00     2757.2243  3202.5177    0.0		   0.0	  	     23.491     0.000   24.313	 23.195 	
   2    215   71  4     1.989   1.8470404e+00  1.5885203e+00     2872.0840  3221.1050    90.7371   8.6229  	      8.139     0.000   23.355	 22.559 	
   2    216   71  5     1.989   2.5344266e+00  2.6032442e+00     2962.8211  3212.4821    0.0		   0.0	  	     28.638     0.000   28.780	 27.351 	
   2    217   71  6     1.989   2.4002417e+00  3.0642900e+00     2757.2243  3202.5177    -1.0	   -1.0	  	     23.491     0.000   24.313	 23.195 	
   2    218   72  1     2.300   7.8189635e+01  1.0753371e+02     2938.9114  3226.3103    19.6952   1.5582  	    122.270    59.480   24.938	 23.767 	
   2    219   72  2     2.300   1.1938541e+01  4.3437178e+00     2919.2162  3224.7521    -1.0	   -1.0	  	     92.124    12.610   23.979	 23.145 	
   2    220   73  1     6.000   2.5085077e+01  4.6156947e+00     2862.0951  3212.0966    20.9201   4.8601  	      0.000     0.000   22.010	 21.297 	
   2    221   73  2     6.000   1.5857002e+01  3.3610381e+01     2883.0152  3207.2365    -1.0	   -1.0	  	      0.000     0.000   27.597	 26.901 	
   2    222   74  3     2.085   1.6167685e+01  4.3963511e+00     2868.3566  3195.7333    141.311   176.293 	    114.072    49.122   26.597	 25.501 	
   2    223   74  4     2.805   1.5942663e+01  1.2840875e+01     2727.0456  3019.4402    -1.0	   -1.0	  	     68.633     0.000   25.586	 24.413 	
   2    224   75  1     2.400   1.4176081e+02  5.0606732e+01     2926.7112  3216.6768    5.5062	   0.8214  	    117.588    53.481   25.348	 23.464 	
   2    225   75  2     2.400   2.2518045e+01  2.8069958e+02     2932.2174  3215.8554    -1.0	   -1.0	  	    109.587    43.515   25.348	 23.464 	
   2    226   76  1     3.000   6.8543943e+00  7.3269280e+00     2692.1075  3028.8392    7.8773	   1.4149  	      0.000     0.000   25.423	 24.588 	
   2    227   76  2     3.000   1.7232228e+02  2.5087145e+01     2684.2302  3030.2541    -1.0	   -1.0	  	     70.356     6.304   27.376	 25.793 	
   2    228   77  1     2.300   2.3622648e+00  5.4239690e+00     2821.5629  3203.4171    36.0487   9.7774  	      3.590     0.000   24.188	 23.856 	
   2    229   77  2     2.300   3.5896971e+00  3.5197643e+00     2857.6116  3193.6397    -1.0	   -1.0	  	     27.448     0.000   24.660	 23.779 	
   2    230   78  1     3.222   6.5504374e+00  3.7199656e+00     2901.4156  3204.5834    142.504   38.7506 	      0.000     0.000   24.853	 24.341 	
   2    231   78  2     3.222   1.6656562e+00  1.9302713e+00     2862.3322  3222.6447    39.0834   18.0613 	      0.000     0.000   99.900	 99.900 	
   2    232   78  3     3.222   1.9169500e+00  2.0467086e+00     2719.8279  3165.8328    -1.0	   -1.0	  	      0.000     0.000   27.861	 26.166 	
   2    233   79  1     2.055   3.1279869e+00  2.6978183e+00     2894.5473  3196.9819    67.445	   5.132	  	     45.643     0.000   23.335	 23.158 	
   2    234   79  2     2.055   1.5463166e+00  1.4561713e+00     2814.8190  3220.7318    79.7283   18.6179 	      1.878     0.000   22.160	 21.197 	
   2    235   79  3     2.055   3.1270584e+00  3.8960322e+00     2747.3740  3202.1139    -1.0	   -1.0	  	     45.628     0.000   23.134	 22.931 	
   2    236   80  1     1.964   3.2031870e+00  4.9753560e+00     2701.8972  3155.3735    33.2452   3.3705  	     52.392     0.000   24.300	 23.329 	
   2    237   80  2     1.964   3.8895969e+00  2.7048772e+00     2735.1424  3160.8608    58.8026   2.1168  	     61.358     0.000   99.900	 99.900 	
   2    238   80  3     1.964   2.7488815e+00  2.9336441e+00     2793.9450  3158.7440    -1.0	   -1.0	  	     40.506     0.000   23.842	 22.931 	
   2    239   81  1     2.218   1.4874909e+01  6.8310986e+00     2703.8462  3144.7736    8.5672	   1.578	  	    106.272    35.662   99.900	 99.900 	
   2    240   81  2     2.218   4.1344323e+00  5.1717143e+01     2695.2790  3142.8225    70.7468   0.3731  	     47.673     0.000   99.900	 99.900 	
   2    241   81  3     2.218   2.5718612e+00  2.8831858e+00     2774.5930  3144.4005    -1.0	   -1.0    	     15.517     0.000   26.822	 26.157 	


















































































































































































































































